0
-8
-8
16
112
176
232
376
456
448
456
376
224
136
-40
-200
-304
-440
-528
-512
-528
-440
-312
-208
-48
128
216
376
456
448
456
376
216
128
-48
-208
-312
-440
-528
-512
-528
-440
-312
-208
-48
128
216
376
456
448
456
376
224
136
-40
-200
-304
-440
-528
-512
-528
-440
-304
-200
-40
136
224
376
456
448
456
376
224
136
-40
-200
-304
-440
-528
-512
-528
-440
-312
-208
-48
128
216
376
456
448
456
376
216
128
-48
-208
-312
-440
-528
-512
-528
-440
-312
-208
-48
128
216
376
456
448
456
376
224
136
-40
-200
-304
-440
-528
-512
-528
-440
-304
-200
-40
136
224
376
456
448
456
376
224
136
-40
-200
-304
-440
-528
-512
-528
-440
-312
-208
-48
128
216
376
456
448
456
376
224
136
-40
-200
-304
-440
-528
-512
-528
-440
-312
-208
-48
128
216
376
456
448
456
376
216
128
-48
-208
-312
